


total_before_length=[[3262.0280699137643, 1553.5255619992838, 1553.5255619992838],
 [12652.010299158123, 1553.5255619992838, 11421.193409158328]]

total_before_street=[[38, 22, 22], [61, 22, 140]]


total_after_length=[[1458.4497380150526, 1553.5255619992838, 1553.5255619992838],
 [12652.010299158123, 1553.5255619992838, 11421.193409158328]]

total_after_street=[[14, 22, 22], [61, 22, 140]]